7407 0000000000000000 0 0
2A04 0000000000000000 0 0
1CE4 0000000000000000 0 0
2687 0000000000000000 0 0
1485 0000000000000000 0 1
5226 0000000000000000 0 0
1104 0000000000000000 0 1
2A00 00000000005F0000 0 0
2487 0000000000000000 0 1
7487 000000000000AE00 0 1
58E2 0000000000000000 0 1
1107 0000000000000000 0 1
72E6 000000850000E500 1 1
32A5 0000000000000000 0 1
4260 00D0000000000000 0 1
68A1 0000005C00000000 0 1
3526 00000000E9000000 1 1
3C60 0000000000000000 0 1
1CC5 0000000000000000 0 1
2487 2400000000000000 1 1
1AC5 0000000000000000 0 1
6062 0000000000000050 1 1
76E1 0000000000000000 0 0
3C41 0000000017000000 0 1
1105 0000000000000000 0 1
3C61 0000000000000000 1 0
32A0 0000000000000000 0 1
1CC2 00000000B8000056 0 0
18C5 0000000000000000 0 1
02A5 00000B5900000000 1 1
5223 0000000000000000 0 1
1CC1 00000000B8000056 1 0
1820 000000000000B600 1 1
1625 0000000000000000 0 1
3C41 00005E0000000000 0 1
06C1 000000000000007A 0 1
1106 0000000000000000 0 1
1625 3300000000000000 1 1
5222 0000000000000000 0 1
1900 0000000000000000 0 0
58E1 0000000000000000 0 1
3E81 00000000CB000000 1 1
02A1 00000B5900000000 0 0
1AC4 000000006B000000 1 1
1101 0000000000000000 0 1
0662 0000000000000000 0 1
4CE3 0000AE0000000000 0 1
5500 0000000000000000 0 1
06C6 00C0000000000000 0 1
2A03 000000C4005F0000 0 1
34E3 0000000000000000 0 1
2243 0000000000000000 0 1
0405 0000000000004800 0 1
5507 0000000000000000 1 0
6060 0000000000000000 0 1
6A22 000000000000B200 1 1
7484 000000E000D5AE00 0 0
2683 0000000000000000 0 1
66C0 0000000000A60081 1 1
4F21 0000000000000000 0 1
76E3 0000000000000000 0 1
66C5 0000000000A60081 1 1
2A06 0000000000000000 0 1
6B26 0000007900000000 0 1
5847 0000000000000000 0 0
4F23 0C007A0000000000 0 0
5B07 000068000000E414 1 1
3E87 3D0000700000BE00 0 1
1C45 0000A1FC314C0000 1 1
1624 5C00000000720000 1 1
2705 00000000FC000000 0 1
5226 0000000000000000 0 1
3627 000000000400E600 0 1
66C0 0000000000EC0000 1 1
1903 0037000000000000 0 1
5A40 0000004A000000C2 0 1
6067 5600000000000000 1 1
40C1 0000000000000000 0 1
3622 000000004900E600 1 1
3E80 00A2000000F50000 0 1
7445 001000F900000000 0 1
1105 0000E30000000000 1 1
1900 000000000000D800 0 1
66C3 00000000009A0081 1 1
00A6 0000C2000000FC00 0 1
0424 0000F30000000000 0 1
2703 0000000000000000 0 1
1906 000000000000D800 1 0
0206 0000000000000000 0 1
2707 0000000000000000 1 0
0406 0000700000450000 1 1
5923 0000007E00109A00 1 1
7402 0000005D00000000 0 0
3C61 00000000006A00B6 0 1
3C67 00000000006A00B6 1 0
5222 0000000000300000 0 1
1822 0000000000000000 0 1
06C3 00EC000000000000 0 1
72E7 0046009B000000CF 1 1
4F26 0000000000000000 0 1
3C65 00000000006A00B6 1 0
4CE4 0000000000000000 0 1
5B03 000000E4EC002000 0 1
5861 D400000000000000 0 1
02A3 00AA0B87000000E6 0 0
6061 5631006B00000000 0 0
1123 000000005D000011 1 1
5A41 00000E4A1B0000C2 1 1
00A5 0000009C00000000 0 1
3C44 43A40000002D0000 0 1
68A6 0000000000000000 0 1
50A6 0072000000000000 0 0
1120 0000000000000000 0 1
32A6 0000000000000000 0 1
40A3 004F000000000000 0 0
50A1 0000007500000000 0 0
3C66 000000000000C300 0 1
5922 000000000C005000 0 0
6B20 0000000000000001 0 0
1904 000000000000D8F7 0 1
40C2 0000000000000000 0 0
76E4 C4A4AC0030940000 0 0
3500 0000238900000000 0 0
5A46 000000E4ECF39500 1 1
1825 0000000000000000 0 1
4260 D2D0000000000094 0 0
18C3 007600FC00000000 0 1
0404 0000AC0000001300 0 1
4F25 0000000000000000 0 1
5504 0000000000000000 0 1
5863 000000000C00506B 1 1
02A1 00AA0B87000000E6 0 1
5841 0000000000000000 0 0
4E01 E00000000000008A 1 1
3501 0000000000000000 0 0
5500 000000C50012D000 0 1
5226 0000000000000000 0 0
6060 A500000000000000 1 1
3C47 5BA40000002D0000 0 1
76E4 00007900006AF44D 0 1
32A3 0000000041000000 1 1
50A7 00E5007500000000 1 1
76E7 00007900006AF44D 1 0
2486 2600000000DD0000 0 0
7486 0000000000000000 0 1
6B20 007900000000008A 0 0
2925 0000D70000000047 0 1
5842 D500000000000000 0 1
5A40 00C868000000E414 0 0
6667 0000000074EC00CA 0 1
1106 0000000000000000 0 1
2920 9E00000000000000 0 1
0665 0069007E39000000 0 0
1125 00007D0000000000 0 1
1AC0 000000006B000079 1 1
1CC7 000000CF00000000 0 1
1CC4 000000CF00000000 1 0
32A3 0000000000000000 0 0
1904 0000000078000000 0 1
1CE1 BF00000000000032 1 1
7443 001000F951000000 0 1
3501 0000000000000000 0 0
5A43 0000F74A1B0000C2 0 1
5867 D443000000000000 0 1
76E4 0000B800006AF44D 0 1
50A1 001F000000FF0000 0 1
1906 000000000000D8F7 0 1
2486 A1000000AE007600 0 1
4F22 0000000000000000 0 1
4E01 B800AE0000000000 0 1
3523 0000B70000000000 0 0
1621 2100000000000000 1 1
3C66 0D0000000000C300 1 1
1624 2100000000000000 1 1
5866 D443000000000D2A 1 1
00A3 0000C2000000FC50 0 1
2926 00007C2E0000B000 0 1
72E6 0000005D00003FFA 0 1
4E02 00007200F8004CC3 0 1
1122 7000000000000000 0 0
2924 00007C2E0000B000 1 0
00A2 0000009C00000000 0 1
1AC2 0000007B6B000079 1 1
1CC5 0000000000000000 0 1
2700 00008B0000EE0000 0 1
1103 0000000000000000 0 0
4286 0000000000005900 0 1
68A1 0000000000000000 0 1
2A01 0000000000000000 0 0
2706 0000000074000000 0 0
4F24 0C007A0000000000 0 0
2A07 0000000000000000 1 0
32A5 0000000000000000 0 0
4F27 0C007A0000000000 1 0
34E1 0000590000000000 1 1
1821 AF00000000920000 1 1
2486 0000000000000000 0 1
40C1 4B8F006200A6F400 0 1
18C0 00000000000000FC 0 1
32A7 04080000F4000000 0 1
6A26 00EC00008600B200 0 1
5925 BC4F007E00109A00 0 0
5866 4F0000000CA7506B 0 1
02A0 0000000000000000 0 1
5A42 0000A6E4ECF39500 1 1
1903 000000000000D8F7 0 1
0204 008E000000000000 0 1
3623 C50000007900E600 0 0
58E4 C8076300F6000000 0 0
4266 0000007600000000 0 1
06C1 2E00001C0000007A 0 1
66C1 00000000409A0081 0 1
2680 5DB3000000000000 0 1
5867 4F0000000CA7506B 0 0
18C3 0000000000001FD7 1 1
2241 00A8006F00500000 0 0
4CE4 E00000000000008A 0 1
1C43 0000A1FC734C4100 1 1
1824 0000000000005E00 0 1
76E7 000000000000D200 0 0
2705 000000000000E700 0 1
5A46 0000F7D01B0000C2 0 1
66C4 C6006EEA9A9A0000 0 1
5227 0000000C00000000 0 0
6060 9300000000000000 0 1
4283 00000000001EE200 1 1
5A41 0000F7D01B0000C2 1 0
6A24 00EC00008600B200 0 1
72E1 0000E985E239E520 1 1
3C07 00003E0000420000 0 1
1AC1 C100007B2D000079 1 1
7482 1600000000000000 0 0
7446 2BA6000000000000 0 0
2484 A1000000AE005300 0 1
5A41 0000A647ECF39500 0 1
68A2 0000000000000000 0 1
5844 002FF40000000000 1 1
06C6 0069007E39000010 0 1
1106 0006000000230000 0 0
0425 0000B30000000000 0 1
3C41 5BA40000002D0000 0 1
2481 2F0000000000E200 0 1
0421 0000B3D100000000 1 1
2486 2F0000000000E200 1 0
1107 0006000000230000 0 1
6060 9300000000000000 0 1
0424 0000B3D100000000 1 1
1824 AF00000000928D00 0 1
2A00 0000030058005B00 1 1
7486 00DE325800200096 1 1
3E83 3187000000008500 0 1
40C0 4B8F006200A6F400 0 1
0402 4F00ACA300001300 0 1
3502 00002F00000F00AB 0 0
5922 BC4F002500109A00 0 1
34E1 420059002A000000 0 1
2485 2F000000B669E200 1 1
2244 0000000043003200 0 0
1102 0000000000000000 0 1
58E1 00000000A60000FA 0 1
68A3 6C00003D00000000 1 1
02A4 00000071004E0000 0 0
1AC2 E7000000005C0000 1 1
7402 70E752302BF7884F 0 1
2A01 000000C4005F0000 0 0
00A0 00170000E20000D4 0 1
