1A05 0000000000000000 0 0
1401 0000000000000000 0 0
1801 00002000B2005E00 1 1
1803 00002000B2005E00 1 1
7401 0000000000000000 0 1
7A02 0000005000000000 1 1
1804 00002000B2005E00 1 1
1802 00002000B2005E00 1 1
1404 0000000000000000 0 1
1802 0000000000000000 0 1
1C01 0000740000000000 1 1
1C06 0000740000000000 1 1
1402 0000000000003700 1 1
1400 0000000000003700 1 1
7A05 002A1400E4000000 1 1
1C02 D400000000000000 0 1
1800 0000000000000000 0 1
7407 0054C07B3F2C5600 1 1
7A07 FC00005000000004 0 1
7402 0054C07B1C2C5600 1 1
7A03 FC00005000000004 1 0
7403 2CF4C07B1C2C5600 1 1
7400 2C57C07B1C2C5600 1 1
1805 0000B300F2000000 1 1
7A03 002A14DFE4000000 0 1
7407 5D00000000002D98 1 1
